# Command: vsel -p theta -n1 lys.out
# this is theta
1.000000	0.387388
2.000000	0.454645
3.000000	0.427507
4.000000	0.407155
5.000000	0.394774
6.000000	0.464209
7.000000	0.532738
8.000000	0.566750
9.000000	0.582906
10.000000	0.549044
11.000000	0.495035
12.000000	0.505155
13.000000	0.537292
14.000000	0.538695
15.000000	0.567872
16.000000	0.567292
17.000000	0.533670
18.000000	0.487202
19.000000	0.462528
20.000000	0.455341
21.000000	0.458972
22.000000	0.463852
23.000000	0.588035
24.000000	0.535234
25.000000	0.495633
26.000000	0.486593
27.000000	0.489299
28.000000	0.481891
29.000000	0.450675
30.000000	0.514592
31.000000	0.560057
32.000000	0.604654
33.000000	0.544148
34.000000	0.594504
35.000000	0.583387
36.000000	0.490956
37.000000	0.449843
38.000000	0.423651
39.000000	0.413640
40.000000	0.405424
41.000000	0.392895
42.000000	0.399170
43.000000	0.533125
44.000000	0.550252
45.000000	0.559420
46.000000	0.509525
47.000000	0.579331
48.000000	0.545918
49.000000	0.499421
50.000000	0.548252
51.000000	0.513703
52.000000	0.560219
53.000000	0.528999
54.000000	0.581777
55.000000	0.512566
56.000000	0.493238
57.000000	0.472618
58.000000	0.521412
59.000000	0.529090
60.000000	0.524192
61.000000	0.511840
62.000000	0.484450
63.000000	0.455546
64.000000	0.575347
65.000000	0.569632
66.000000	0.578201
67.000000	0.497975
68.000000	0.544448
69.000000	0.495259
70.000000	0.519379
71.000000	0.544467
72.000000	0.525409
73.000000	0.584578
74.000000	0.599248
75.000000	0.586844
76.000000	0.500273
77.000000	0.502281
78.000000	0.471355
79.000000	0.452414
80.000000	0.455610
81.000000	0.585104
82.000000	0.527580
83.000000	0.484320
84.000000	0.456865
85.000000	0.434178
86.000000	0.416711
87.000000	0.408772
88.000000	0.400051
89.000000	0.495783
90.000000	0.469907
91.000000	0.509724
92.000000	0.477753
93.000000	0.446145
94.000000	0.421308
95.000000	0.407537
96.000000	0.550320
97.000000	0.569421
98.000000	0.532641
99.000000	0.510000
100.000000	0.583633
101.000000	0.550663
102.000000	0.506172
103.000000	0.469084
104.000000	0.453197
105.000000	0.459498
106.000000	0.452051
107.000000	0.510408
108.000000	0.476318
109.000000	0.501901
110.000000	0.579011
111.000000	0.555981
112.000000	0.538105
113.000000	0.504731
114.000000	0.566082
115.000000	0.528022
116.000000	0.553343
117.000000	0.560180
118.000000	0.498080
119.000000	0.478213
120.000000	0.477258
121.000000	0.471498
122.000000	0.490258
123.000000	0.516569
124.000000	0.467533
125.000000	0.466938
126.000000	0.465354
127.000000	0.511230
128.000000	0.480971
129.000000	0.505181
130.000000	0.470254
131.000000	0.446978
132.000000	0.521019
133.000000	0.552352
134.000000	0.495764
135.000000	0.558362
136.000000	0.495136
137.000000	0.540468
138.000000	0.523197
139.000000	0.486199
140.000000	0.455384
141.000000	0.569665
142.000000	0.511458
143.000000	0.476678
144.000000	0.460670
145.000000	0.473671
146.000000	0.497731
147.000000	0.516728
148.000000	0.500559
149.000000	0.504678
150.000000	0.538548
151.000000	0.488981
152.000000	0.459087
153.000000	0.561425
154.000000	0.493081
155.000000	0.458245
156.000000	0.431654
157.000000	0.418599
158.000000	0.413036
159.000000	0.477138
160.000000	0.460101
161.000000	0.582789
162.000000	0.583732
163.000000	0.584902
164.000000	0.504353
165.000000	0.572102
166.000000	0.497376
167.000000	0.470461
168.000000	0.560989
169.000000	0.511236
170.000000	0.479138
171.000000	0.476258
