# 0
# 0
# 0
1 0.293475
2 0.34398
3 0.3549
4 0.345345
5 0.28119
6 0.312585
7 0.28665
8 0.32487
9 0.21567
10 0.25662
11 0.236145
12 0.208845
13 0.266175
14 0.20748
15 0.28665
16 0.16653
17 0.263445
18 0.274365
19 0.206115
20 0.23478
21 0.23478
22 0.18564
23 0.192465
24 0.288015
25 0.318045
26 0.16926
27 0.277095
28 0.307125
29 0.348075
30 0.31122
31 0.312585
32 0.34944
33 0.309855
34 0.331695
35 0.23751
36 0.367185
37 0.39039
38 0.367185
39 0.35763
40 0.29757
41 0.3822
42 0.36036
43 0.364455
44 0.263445
45 0.241605
46 0.18018
47 0.323505
48 0.24024
49 0.176085
50 0.26481
51 0.214305
52 0.25662
53 0.181545
54 0.167895
55 0.14196
56 0.20748
57 0.181545
58 0.162435
59 0.16653
60 0.23478
61 0.189735
62 0.197925
63 0.282555
64 0.30303
65 0.20202
66 0.236145
67 0.241605
68 0.29484
69 0.282555
70 0.31668
71 0.367185
72 0.25116
73 0.19383
74 0.247065
75 0.200655
76 0.19656
77 0.219765
78 0.318045
79 0.20202
80 0.195195
81 0.1911
82 0.34398
83 0.279825
84 0.244335
85 0.26208
86 0.326235
87 0.18564
88 0.320775
89 0.29484
90 0.203385
91 0.31668
92 0.244335
93 0.25116
94 0.279825
95 0.290745
96 0.345345
97 0.36582
98 0.257985
99 0.290745
100 0.28665
101 0.25935
102 0.16107
103 0.28392
104 0.23478
105 0.154245
106 0.244335
107 0.277095
108 0.318045
109 0.30303
110 0.342615
111 0.37128
112 0.356265
113 0.219765
114 0.34398
115 0.25935
116 0.27846
117 0.32487
118 0.285285
119 0.273
120 0.31395
121 0.24843
122 0.22113
123 0.21021
124 0.413595
125 0.2184
126 0.26481
127 0.23751
128 0.192465
129 0.32487
130 0.28938
131 0.28392
132 0.27027
133 0.2457
134 0.25935
135 0.241605
136 0.288015
137 0.2457
138 0.28392
139 0.26481
140 0.307125
141 0.29211
142 0.296205
143 0.285285
144 0.268905
145 0.29757
146 0.298935
147 0.25116
148 0.233415
149 0.25935
150 0.282555
151 0.28938
152 0.25389
153 0.31122
154 0.282555
155 0.312585
156 0.257985
157 0.238875
158 0.260715
159 0.285285
160 0.20202
161 0.206115
162 0.16926
163 0.15288
164 0.148785
165 0.2457
166 0.249795
167 0.2184
168 0.244335
169 0.288015
170 0.249795
171 0.26208
