# Command: vsel -p theta -n7 lys.out
# this is theta
1.000000	0.400094
2.000000	0.400376
3.000000	0.400784
4.000000	0.401258
5.000000	0.401757
6.000000	0.402257
7.000000	0.402746
8.000000	0.403217
9.000000	0.473448
10.000000	0.557179
11.000000	0.544337
12.000000	0.532077
13.000000	0.523756
14.000000	0.518879
15.000000	0.553425
16.000000	0.568157
17.000000	0.550860
18.000000	0.537867
19.000000	0.528606
20.000000	0.521419
21.000000	0.515814
22.000000	0.511285
23.000000	0.567289
24.000000	0.551881
25.000000	0.538323
26.000000	0.528996
27.000000	0.522010
28.000000	0.516436
29.000000	0.511830
30.000000	0.507931
31.000000	0.504587
32.000000	0.604015
33.000000	0.553476
34.000000	0.593996
35.000000	0.583395
36.000000	0.548858
37.000000	0.532359
38.000000	0.522737
39.000000	0.516010
40.000000	0.510866
41.000000	0.506738
42.000000	0.503270
43.000000	0.500261
44.000000	0.497624
45.000000	0.495592
46.000000	0.536752
47.000000	0.582933
48.000000	0.553920
49.000000	0.543554
50.000000	0.532262
51.000000	0.528760
52.000000	0.531211
53.000000	0.550794
54.000000	0.581747
55.000000	0.550679
56.000000	0.535350
57.000000	0.526337
58.000000	0.519981
59.000000	0.515127
60.000000	0.511887
61.000000	0.511498
62.000000	0.513722
63.000000	0.514611
64.000000	0.512859
65.000000	0.569610
66.000000	0.578342
67.000000	0.549449
68.000000	0.533490
69.000000	0.526523
70.000000	0.524181
71.000000	0.519829
72.000000	0.518144
73.000000	0.583518
74.000000	0.598842
75.000000	0.586858
76.000000	0.550007
77.000000	0.534082
78.000000	0.524896
79.000000	0.518410
80.000000	0.513481
81.000000	0.537044
82.000000	0.550824
83.000000	0.536177
84.000000	0.527145
85.000000	0.520249
86.000000	0.514775
87.000000	0.510280
88.000000	0.506548
89.000000	0.503355
90.000000	0.500547
91.000000	0.498079
92.000000	0.495864
93.000000	0.493859
94.000000	0.492040
95.000000	0.490376
96.000000	0.488836
97.000000	0.487408
98.000000	0.521748
99.000000	0.538551
100.000000	0.583001
101.000000	0.555434
102.000000	0.545866
103.000000	0.533278
104.000000	0.524372
105.000000	0.517950
106.000000	0.513057
107.000000	0.509064
108.000000	0.505639
109.000000	0.502650
110.000000	0.500525
111.000000	0.556806
112.000000	0.548692
113.000000	0.538935
114.000000	0.531924
115.000000	0.550336
116.000000	0.538359
117.000000	0.559397
118.000000	0.547539
119.000000	0.532761
120.000000	0.523696
121.000000	0.517190
122.000000	0.512232
123.000000	0.508259
124.000000	0.504965
125.000000	0.502114
126.000000	0.499643
127.000000	0.497449
128.000000	0.495475
129.000000	0.493686
130.000000	0.492047
131.000000	0.490526
132.000000	0.489102
133.000000	0.487762
134.000000	0.486541
135.000000	0.485783
136.000000	0.490277
137.000000	0.510119
138.000000	0.517831
139.000000	0.521668
140.000000	0.521116
141.000000	0.517104
142.000000	0.533381
143.000000	0.534529
144.000000	0.525012
145.000000	0.518316
146.000000	0.513104
147.000000	0.508874
148.000000	0.505366
149.000000	0.502460
150.000000	0.500053
151.000000	0.498071
152.000000	0.496699
153.000000	0.495946
154.000000	0.495793
155.000000	0.499197
156.000000	0.503719
157.000000	0.505190
158.000000	0.504351
159.000000	0.502552
160.000000	0.500461
161.000000	0.498526
162.000000	0.583954
163.000000	0.585134
164.000000	0.550340
165.000000	0.550425
166.000000	0.549083
167.000000	0.533430
168.000000	0.524328
169.000000	0.524050
170.000000	0.530471
171.000000	0.524506
