# Cikumutuk Lysimeter Study
# Lysimeter Drainage
# time in DAS, drainage in cm/day
      1 0.000
      2 0.000
      3 0.000
      4 0.000
      5 0.000
      6 0.000
      7 0.000
      8 0.000
      9 0.000
     10 0.000
     11 0.000
     12 0.000
     13 0.000
     14 0.000
     15 0.000
     16 0.000
     17 0.000
     18 0.192
     19 0.088
     20 0.021
     21 0.012
     22 0.010
     23 0.000
     24 0.744
     25 0.000
     26 0.415
     27 0.164
     28 0.285
     29 0.028
     30 0.192
     31 1.738
     32 4.564
     33 0.949
     34 5.831
     35 5.372
     36 0.436
     37 0.020
     38 0.118
     39 0.008
     40 0.004
     41 0.001
     42 0.002
     43 0.897
     44 1.408
     45 1.821
     46 0.497
     47 3.615
     48 0.718
     49 0.385
     50 0.615
     51 0.308
     52 1.462
     53 0.538
     54 4.513
     55 0.615
     56 0.167
     57 0.001
     58 0.438
     59 0.462
     60 0.464
     61 0.310
     62 0.008
     63 0.009
     64 1.564
     65 2.631
     66 3.603
     67 0.249
     68 0.521
     69 0.346
     70 0.369
     71 0.824
     72 0.259
     73 5.068
     74 5.624
     75 5.748
     76 0.403
     77 0.103
     78 0.060
     79 0.036
     80 0.023
     81 5.525
     82 0.678
     83 0.203
     84 0.036
     85 0.002
     86 0.000
     87 0.000
     88 0.001
     89 0.396
     90 0.175
     91 0.276
     92 0.182
     93 0.022
     94 0.001
     95 0.000
     96 1.351
     97 1.192
     98 0.256
     99 0.351
    100 2.205
    101 1.667
    102 0.385
    103 0.049
    104 0.017
    105 0.022
    106 0.036
    107 0.760
    108 0.223
    109 0.533
    110 4.878
    111 1.906
    112 0.644
    113 0.595
    114 2.403
    115 0.469
    116 1.588
    117 4.131
    118 0.308
    119 0.069
    120 0.005
    121 0.009
    122 0.097
    123 0.458
    124 0.171
    125 0.071
    126 0.050
    127 0.073
    128 0.301
    129 0.048
    130 0.125
    131 0.065
    132 0.649
    133 1.613
    134 0.305
    135 1.414
    136 0.288
    137 0.354
    138 0.531
    139 0.215
    140 0.002
    141 1.608
    142 0.287
    143 0.162
    144 0.002
    145 0.000
    146 1.562
    147 0.636
    148 0.274
    149 0.274
    150 0.923
    151 0.256
    152 0.059
    153 0.654
    154 0.790
    155 0.131
    156 0.001
    157 0.001
    158 0.000
    159 0.001
    160 0.138
    161 4.266
    162 2.915
    163 6.860
    164 0.615
    165 3.553
    166 0.590
    167 0.195
    168 1.601
    169 0.454
    170 0.521
    171 0.095
