# Cikumutuk Lysimeter Study           
# Reference Penman-Monteith ETh (cf. Smith, 1990)
# t in DAS, ETh in cm/day
           1 0.215
           2 0.252
           3 0.260
           4 0.253
           5 0.206
           6 0.229
           7 0.210
           8 0.238
           9 0.158
          10 0.188
          11 0.173
          12 0.153
          13 0.195
          14 0.152
          15 0.210
          16 0.122
          17 0.193
          18 0.201
          19 0.151
          20 0.172
          21 0.172
          22 0.136
          23 0.141
          24 0.211
          25 0.233
          26 0.124
          27 0.203
          28 0.225
          29 0.255
          30 0.228
          31 0.229
          32 0.256
          33 0.227
          34 0.243
          35 0.174
          36 0.269
          37 0.286
          38 0.269
          39 0.262
          40 0.218
          41 0.280
          42 0.264
          43 0.267
          44 0.193
          45 0.177
          46 0.132
          47 0.237
          48 0.176
          49 0.129
          50 0.194
          51 0.157
          52 0.188
          53 0.133
          54 0.123
          55 0.104
          56 0.152
          57 0.133
          58 0.119
          59 0.122
          60 0.172
          61 0.139
          62 0.145
          63 0.207
          64 0.222
          65 0.148
          66 0.173
          67 0.177
          68 0.216
          69 0.207
          70 0.232
          71 0.269
          72 0.184
          73 0.142
          74 0.181
          75 0.147
          76 0.144
          77 0.161
          78 0.233
          79 0.148
          80 0.143
          81 0.140
          82 0.252
          83 0.205
          84 0.179
          85 0.192
          86 0.239
          87 0.136
          88 0.235
          89 0.216
          90 0.149
          91 0.232
          92 0.179
          93 0.184
          94 0.205
          95 0.213
          96 0.253
          97 0.268
          98 0.189
          99 0.213
         100 0.210
         101 0.190
         102 0.118
         103 0.208
         104 0.172
         105 0.113
         106 0.179
         107 0.203
         108 0.233
         109 0.222
         110 0.251
         111 0.272
         112 0.261
         113 0.161
         114 0.252
         115 0.190
         116 0.204
         117 0.238
         118 0.209
         119 0.200
         120 0.230
         121 0.182
         122 0.162
         123 0.154
         124 0.303
         125 0.160
         126 0.194
         127 0.174
         128 0.141
         129 0.238
         130 0.212
         131 0.208
         132 0.198
         133 0.180
         134 0.190
         135 0.177
         136 0.211
         137 0.180
         138 0.208
         139 0.194
         140 0.225
         141 0.214
         142 0.217
         143 0.209
         144 0.197
         145 0.218
         146 0.219
         147 0.184
         148 0.171
         149 0.190
         150 0.207
         151 0.212
         152 0.186
         153 0.228
         154 0.207
         155 0.229
         156 0.189
         157 0.175
         158 0.191
         159 0.209
         160 0.148
         161 0.151
         162 0.124
         163 0.112
         164 0.109
         165 0.180
         166 0.183
         167 0.160
         168 0.179
         169 0.211
         170 0.183
         171 0.192
