# Cikumutuk Lysimeter Study 1994/1995
# Calculated Interception using the modified Gash Model
# time in DAS, interception in cm/day
      1 0.000
      2 0.000
      3 0.000
      4 0.000
      5 0.000
      6 0.000
      7 0.000
      8 0.000
      9 0.001
     10 0.001
     11 0.000
     12 0.001
     13 0.001
     14 0.001
     15 0.004
     16 0.004
     17 0.002
     18 0.000
     19 0.001
     20 0.002
     21 0.003
     22 0.003
     23 0.028
     24 0.008
     25 0.004
     26 0.006
     27 0.009
     28 0.007
     29 0.000
     30 0.022
     31 0.028
     32 0.153
     33 0.026
     34 0.126
     35 0.093
     36 0.000
     37 0.000
     38 0.000
     39 0.025
     40 0.019
     41 0.018
     42 0.044
     43 0.087
     44 0.071
     45 0.097
     46 0.028
     47 0.212
     48 0.084
     49 0.000
     50 0.000
     51 0.000
     52 0.000
     53 0.074
     54 0.386
     55 0.000
     56 0.049
     57 0.041
     58 0.119
     59 0.098
     60 0.113
     61 0.079
     62 0.044
     63 0.000
     64 0.000
     65 0.000
     66 0.000
     67 0.000
     68 0.257
     69 0.074
     70 0.180
     71 0.272
     72 0.170
     73 0.932
     74 1.655
     75 1.081
     76 0.065
     77 0.170
     78 0.088
     79 0.085
     80 0.183
     81 1.192
     82 0.260
     83 0.068
     84 0.000
     85 0.087
     86 0.104
     87 0.000
     88 0.213
     89 0.415
     90 0.000
     91 0.337
     92 0.084
     93 0.058
     94 0.071
     95 0.073
     96 0.703
     97 0.784
     98 0.265
     99 0.169
    100 1.220
    101 0.417
    102 0.099
    103 0.060
    104 0.127
    105 0.173
    106 0.094
    107 0.356
    108 0.094
    109 0.281
    110 0.974
    111 0.474
    112 0.300
    113 0.114
    114 0.588
    115 0.204
    116 0.378
    117 0.460
    118 0.086
    119 0.105
    120 0.157
    121 0.110
    122 0.170
    123 0.189
    124 0.000
    125 0.137
    126 0.105
    127 0.208
    128 0.000
    129 0.197
    130 0.059
    131 0.083
    132 0.276
    133 0.300
    134 0.067
    135 0.344
    136 0.067
    137 0.242
    138 0.158
    139 0.066
    140 0.068
    141 0.504
    142 0.120
    143 0.063
    144 0.103
    145 0.167
    146 0.174
    147 0.181
    148 0.112
    149 0.151
    150 0.250
    151 0.069
    152 0.000
    153 0.440
    154 0.000
    155 0.000
    156 0.000
    157 0.000
    158 0.158
    159 0.242
    160 0.064
    161 0.852
    162 0.886
    163 0.928
    164 0.000
    165 0.624
    166 0.072
    167 0.069
    168 0.459
    169 0.140
    170 0.070
    171 0.163
