# Cikumutuk Lysimeter Study
# Penman evaporation
# time in DAS, Eo in cm/day
      1  0.36
      2  0.43
      3  0.48
      4  0.41
      5  0.33
      6  0.37
      7  0.35
      8  0.35
      9  0.24
     10  0.29
     11  0.27
     12  0.23
     13  0.29
     14  0.22
     15  0.32
     16  0.19
     17  0.31
     18  0.33
     19  0.24
     20  0.26
     21  0.30
     22  0.20
     23  0.21
     24  0.32
     25  0.34
     26  0.35
     27  0.30
     28  0.35
     29  0.39
     30  0.36
     31  0.35
     32  0.38
     33  0.37
     34  0.37
     35  0.26
     36  0.38
     37  0.43
     38  0.48
     39  0.42
     40  0.34
     41  0.43
     42  0.41
     43  0.39
     44  0.28
     45  0.26
     46  0.19
     47  0.34
     48  0.26
     49  0.19
     50  0.29
     51  0.23
     52  0.30
     53  0.22
     54  0.19
     55  0.18
     56  0.24
     57  0.21
     58  0.18
     59  0.19
     60  0.26
     61  0.20
     62  0.22
     63  0.31
     64  0.35
     65  0.22
     66  0.26
     67  0.27
     68  0.34
     69  0.32
     70  0.37
     71  0.42
     72  0.28
     73  0.20
     74  0.27
     75  0.22
     76  0.21
     77  0.26
     78  0.37
     79  0.23
     80  0.21
     81  0.22
     82  0.42
     83  0.33
     84  0.28
     85  0.29
     86  0.36
     87  0.20
     88  0.36
     89  0.34
     90  0.23
     91  0.35
     92  0.28
     93  0.31
     94  0.34
     95  0.34
     96  0.39
     97  0.40
     98  0.30
     99  0.31
    100  0.32
    101  0.29
    102  0.20
    103  0.34
    104  0.30
    105  0.18
    106  0.28
    107  0.32
    108  0.35
    109  0.34
    110  0.39
    111  0.43
    112  0.40
    113  0.25
    114  0.38
    115  0.29
    116  0.31
    117  0.36
    118  0.32
    119  0.30
    120  0.35
    121  0.27
    122  0.27
    123  0.24
    124  0.46
    125  0.24
    126  0.31
    127  0.29
    128  0.22
    129  0.38
    130  0.33
    131  0.31
    132  0.29
    133  0.30
    134  0.30
    135  0.28
    136  0.32
    137  0.27
    138  0.31
    139  0.30
    140  0.36
    141  0.33
    142  0.34
    143  0.32
    144  0.31
    145  0.33
    146  0.33
    147  0.27
    148  0.25
    149  0.29
    150  0.32
    151  0.34
    152  0.31
    153  0.37
    154  0.34
    155  0.36
    156  0.30
    157  0.27
    158  0.29
    159  0.30
    160  0.21
    161  0.26
    162  0.22
    163  0.20
    164  0.17
    165  0.29
    166  0.29
    167  0.25
    168  0.28
    169  0.34
    170  0.28
    171  0.31
