# Cikumutuk Lysimeter Study 1994/1995
# Rainfall data for DAS 1 to 171      
# time in DAS, amounts in cm/day
      1     0.08
      2     1.75
      3     0.00
      4     0.05
      5     0.00
      6     1.77
      7     1.90
      8     2.86
      9     5.00
     10     1.50
     11     0.00
     12     0.60
     13     1.17
     14     1.00
     15     2.94
     16     2.71
     17     0.93
     18     0.00
     19     0.00
     20     0.42
     21     0.46
     22     0.32
     23     6.05
     24     1.00
     25     0.20
     26     0.40
     27     0.53
     28     0.43
     29     0.00
     30     1.58
     31     2.30
     32    11.80
     33     1.40
     34     8.05
     35     5.20
     36     0.00
     37     0.00
     38     0.00
     39     0.65
     40     0.30
     41     0.20
     42     1.00
     43     2.40
     44     1.70
     45     2.20
     46     0.21
     47     4.70
     48     1.40
     49     0.00
     50     1.55
     51     0.35
     52     2.21
     53     0.75
     54     5.10
     55     0.20
     56     0.25
     57     0.05
     58     1.15
     59     0.85
     60     0.80
     61     0.46
     62     0.05
     63     0.00
     64     3.90
     65     3.00
     66     4.20
     67     0.00
     68     1.75
     69     0.17
     70     1.18
     71     1.78
     72     0.86
     73     6.20
     74    11.00
     75     6.85
     76     0.03
     77     0.70
     78     0.15
     79     0.17
     80     0.73
     81     6.60
     82     1.15
     83     0.06
     84     0.00
     85     0.17
     86     0.27
     87     0.00
     88     0.87
     89     2.00
     90     0.00
     91     1.55
     92     0.15
     93     0.01
     94     0.08
     95     0.09
     96     3.55
     97     4.00
     98     1.15
     99     0.62
    100     6.45
    101     2.00
    102     0.23
    103     0.01
    104     0.39
    105     0.65
    106     0.20
    107     1.70
    108     0.20
    109     1.25
    110     5.45
    111     2.55
    112     1.50
    113     0.34
    114     3.42
    115     0.95
    116     2.14
    117     2.75
    118     0.19
    119     0.33
    120     0.72
    121     0.39
    122     0.85
    123     1.01
    124     0.00
    125     0.71
    126     0.44
    127     1.30
    128     0.00
    129     1.20
    130     0.05
    131     0.25
    132     1.85
    133     2.05
    134     0.11
    135     2.40
    136     0.11
    137     1.55
    138     0.85
    139     0.10
    140     0.11
    141     3.65
    142     0.53
    143     0.07
    144     0.39
    145     0.90
    146     0.95
    147     1.00
    148     0.45
    149     0.75
    150     1.52
    151     0.10
    152     0.00
    153     2.95
    154     0.00
    155     0.00
    156     0.00
    157     0.00
    158     0.75
    159     1.37
    160     0.05
    161     5.80
    162     6.00
    163     6.25
    164     0.00
    165     4.00
    166     0.09
    167     0.07
    168     2.75
    169     0.55
    170     0.07
    171     0.69
