# Cikumutuk Lysimeter Study
# Measured Soil Moisture Storage
# time in DAS, SMS in cm
      1  0.00
      2  0.00
      3  0.00
      4  0.00
      5  0.00
      6  0.00
      7  0.00
      8  0.00
      9  0.00
     10  0.00
     11  0.00
     12  0.00
     13  0.00
     14  0.00
     15  0.00
     16  0.00
     17  0.00
     18  0.00
     19  0.00
     20  0.00
     21  0.00
     22  0.00
     23  0.00
     24  0.00
     25  0.00
     26  0.00
     27  0.00
     28  0.00
     29  0.00
     30  0.00
     31  0.00
     32  0.00
     33  0.00
     34  0.00
     35  0.00
     36  0.00
     37  0.00
     38  0.00
     39  0.00
     40  0.00
     41  0.00
     42  0.00
     43  0.00
     44  0.00
     45  0.00
     46  0.00
     47  0.00
     48  0.00
     49  0.00
     50  0.00
     51  0.00
     52 35.76
     53 36.94
     54 42.99
     55 36.83
     56 36.29
     57 36.01
     58 36.39
     59  0.00
     60  0.00
     61  0.00
     62  0.00
     63  0.00
     64  0.00
     65  0.00
     66  0.00
     67  0.00
     68  0.00
     69  0.00
     70  0.00
     71  0.00
     72  0.00
     73  0.00
     74  0.00
     75  0.00
     76  0.00
     77  0.00
     78  0.00
     79  0.00
     80  0.00
     81  0.00
     82  0.00
     83  0.00
     84  0.00
     85  0.00
     86  0.00
     87  0.00
     88 34.74
     89 35.39
     90 35.11
     91 35.15
     92 34.44
     93 33.56
     94 33.15
     95 33.38
     96  0.00
     97  0.00
     98  0.00
     99  0.00
    100  0.00
    101 34.94
    102 34.34
    103 34.36
    104 34.46
    105 35.01
    106 34.97
    107 36.09
    108 34.52
    109 35.66
    110 36.30
    111 35.58
    112 36.10
    113 35.29
    114 35.58
    115 34.56
    116 34.64
    117 35.66
    118 34.77
    119 34.69
    120 34.70
    121 34.64
    122 35.10
    123 36.19
    124 34.72
    125 35.28
    126 35.22
    127 36.62
    128 34.98
    129 36.00
    130 35.51
    131 34.94
    132 35.59
    133 35.72
    134 35.08
    135 35.72
    136 35.66
    137 36.44
    138 34.72
    139 34.64
    140  0.00
    141  0.00
    142  0.00
    143  0.00
    144  0.00
    145  0.00
    146  0.00
    147  0.00
    148  0.00
    149  0.00
    150  0.00
    151  0.00
    152  0.00
    153  0.00
    154  0.00
    155  0.00
    156  0.00
    157  0.00
    158  0.00
    159  0.00
    160  0.00
    161  0.00
    162  0.00
    163  0.00
    164  0.00
    165  0.00
    166  0.00
    167  0.00
    168  0.00
    169  0.00
    170  0.00
    171  0.00
