# Command: vsel -p volact lys.out
# this is volact
1.000000	27.685410
2.000000	28.837840
3.000000	28.164430
4.000000	27.915360
5.000000	27.747090
6.000000	28.965040
7.000000	30.286300
8.000000	32.475600
9.000000	37.022020
10.000000	37.917820
11.000000	36.407530
12.000000	35.866270
13.000000	36.056670
14.000000	36.343830
15.000000	38.455380
16.000000	39.141370
17.000000	37.483710
18.000000	35.944090
19.000000	34.957170
20.000000	34.524680
21.000000	34.195800
22.000000	33.938930
23.000000	39.414280
24.000000	37.564370
25.000000	36.128170
26.000000	35.451620
27.000000	35.033520
28.000000	34.542190
29.000000	33.611360
30.000000	34.347630
31.000000	35.836460
32.000000	41.618940
33.000000	37.858170
34.000000	40.937500
35.000000	40.204340
36.000000	36.505170
37.000000	34.836300
38.000000	33.895040
39.000000	33.465620
40.000000	32.912990
41.000000	32.341200
42.000000	32.410330
43.000000	33.874390
44.000000	34.880930
45.000000	36.415210
46.000000	36.167810
47.000000	39.766080
48.000000	37.938500
49.000000	36.476410
50.000000	36.792200
51.000000	36.270900
52.000000	37.582110
53.000000	37.327900
54.000000	40.107200
55.000000	37.062200
56.000000	35.899180
57.000000	35.026520
58.000000	35.394210
59.000000	35.557440
60.000000	35.571300
61.000000	35.417630
62.000000	34.878250
63.000000	34.160280
64.000000	37.278980
65.000000	39.290330
66.000000	39.855750
67.000000	36.698080
68.000000	36.686250
69.000000	35.722840
70.000000	35.718400
71.000000	36.176360
72.000000	36.117630
73.000000	40.292600
74.000000	41.264290
75.000000	40.441230
76.000000	36.778150
77.000000	35.938780
78.000000	34.846710
79.000000	34.197480
80.000000	34.122520
81.000000	38.956110
82.000000	37.331080
83.000000	35.788760
84.000000	34.758810
85.000000	33.961030
86.000000	33.342160
87.000000	32.965130
88.000000	32.801710
89.000000	33.639620
90.000000	33.112760
91.000000	33.580560
92.000000	33.054600
93.000000	32.386830
94.000000	31.922720
95.000000	31.568220
96.000000	33.640570
97.000000	36.055390
98.000000	36.349130
99.000000	36.136380
100.000000	40.210540
101.000000	38.138430
102.000000	36.711450
103.000000	35.290070
104.000000	34.573590
105.000000	34.422240
106.000000	33.791900
107.000000	34.377030
108.000000	33.685860
109.000000	33.906040
110.000000	37.562290
111.000000	38.360600
112.000000	37.477420
113.000000	36.373140
114.000000	37.921130
115.000000	37.330810
116.000000	37.594190
117.000000	38.509050
118.000000	36.602290
119.000000	35.450150
120.000000	34.909880
121.000000	34.385140
122.000000	34.368820
123.000000	34.582900
124.000000	33.585160
125.000000	33.597550
126.000000	33.271890
127.000000	33.763140
128.000000	33.286920
129.000000	33.529130
130.000000	32.851250
131.000000	32.379890
132.000000	33.353990
133.000000	34.522290
134.000000	33.973070
135.000000	35.477440
136.000000	34.884730
137.000000	35.650390
138.000000	35.715540
139.000000	35.124420
140.000000	34.380920
141.000000	36.736070
142.000000	36.335740
143.000000	35.438900
144.000000	34.728620
145.000000	34.533040
146.000000	34.463540
147.000000	34.597480
148.000000	34.322660
149.000000	34.266830
150.000000	34.846350
151.000000	34.173010
152.000000	33.543870
153.000000	35.315760
154.000000	34.641260
155.000000	33.920520
156.000000	33.382160
157.000000	33.042730
158.000000	33.028020
159.000000	33.509440
160.000000	33.020190
161.000000	37.442400
162.000000	40.239280
163.000000	40.319360
164.000000	36.883570
165.000000	38.820090
166.000000	36.666440
167.000000	35.341720
168.000000	36.655800
169.000000	36.141880
170.000000	35.351660
171.000000	34.995200
